-4.92161834e-01,
2.20603631e+00,
2.66253841e-01,

-8.96546153e-01,
-5.92187054e-01,
3.76763559e-01,

-3.70072449e-01,
-1.36080958e-02,
-3.70195030e-01,

-1.07843761e+00,
2.33536644e+00,
-1.62665886e-01,

-3.47851085e-01,
-1.81728085e+00,
1.15017656e-01,

9.07983152e-01,
-7.23615107e-01,
-7.00305907e-01,

-3.28918382e-01,
5.58578846e-01,
-1.77107046e+00,

-1.40134837e+00,
2.22298019e+00,
-7.83668365e-01,

1.45265392e+00,
-1.92979745e-01,
-7.17863014e-01,

-2.58927550e+00,
-1.01940135e-03,
5.24533333e-01,

-1.86265533e+00,
1.10740837e+00,
-9.39474908e-02,

-6.36638886e-01,
5.72259667e-01,
3.98152591e-01,

-1.11682520e+00,
-1.56072847e+00,
1.73031726e+00,

1.43193924e-01,
-5.01546582e-01,
1.24347793e+00,

-6.33493175e-01,
1.32743538e+00,
2.39007671e-01,

-4.23638236e-02,
-2.25552860e-01,
1.62541792e+00,

-9.10896559e-01,
5.74005404e-01,
-4.94632503e-01,

1.65923229e+00,
-1.24244560e+00,
-7.61433748e-01,

-9.33227156e-01,
-7.37420581e-01,
-1.95030818e-01,

2.68943586e-01,
-9.61304077e-01,
1.24480117e+00,

8.21575122e-01,
1.39921071e+00,
-2.95761289e-01,

1.19753249e+00,
-1.04073838e+00,
1.36105135e+00,

-8.41332247e-01,
-5.85351437e-01,
1.14987653e+00,

1.25360672e+00,
5.10939864e-01,
8.66387640e-01,

-5.00071443e-01,
7.72841106e-01,
-6.81374406e-01,

2.37895762e-01,
-8.59161403e-01,
9.42077693e-01,

5.26421545e-01,
3.09454959e+00,
-1.19169749e+00,

4.18474852e-01,
1.12530274e+00,
-1.03464807e+00,

1.89658063e+00,
-1.27448419e+00,
7.38047831e-01,

-9.25919204e-01,
4.27374077e-02,
-1.06380255e+00,

-8.60691517e-02,
3.49820838e-01,
8.48760978e-01,

-1.99572628e+00,
4.54791850e-01,
-6.61438175e-01,

2.31420536e+00,
-1.65035513e+00,
1.52850673e+00,

-1.21856171e+00,
-3.82461101e-01,
-1.59241601e-01,

4.46497900e-01,
-1.08039916e+00,
-1.42425272e-01,

4.52068851e-01,
-3.95576822e-01,
-2.60380160e-01,

1.31753325e+00,
-5.50828642e-01,
-1.72651652e+00,

2.58781275e-01,
-7.92489173e-01,
3.21261607e-01,

-7.72254678e-01,
1.58482256e+00,
6.49858859e-01,

-2.56515311e-01,
-4.40086466e-01,
-2.93030442e+00,

1.89380528e+00,
-1.96972689e+00,
-7.38422078e-01,

1.01993316e-02,
1.92200786e+00,
-1.48133252e+00,

7.34196778e-01,
-2.59009974e-01,
2.76294722e+00,

-8.28920288e-01,
1.32713811e+00,
-3.84243149e-01,

-3.64493055e-01,
-5.00429919e-01,
-6.63969796e-01,

9.82751388e-01,
1.63291493e-01,
-7.80061282e-01,

3.77943633e-01,
-8.46532806e-03,
1.23072196e+00,

-1.91637074e+00,
2.15491505e-01,
1.06328936e+00,

-1.42988828e-03,
2.30734802e+00,
-4.57641963e-01,

8.00627350e-01,
6.63877071e-01,
9.80396737e-01,

-1.94604147e+00,
1.75701987e+00,
5.97955539e-01,

2.68863318e-01,
1.03838395e-01,
-6.07165565e-01,

-1.36859175e+00,
-9.81401439e-01,
8.67471302e-01,

-3.32447558e-01,
8.21333597e-01,
-1.27099105e-01,

1.58399893e+00,
1.39079074e+00,
-6.47932975e-01,

-3.89917119e-01,
2.69543454e-01,
-1.39156238e+00,

-1.22982959e+00,
-1.46012951e+00,
-7.55064151e-01,

4.31191897e-01,
6.50434026e-02,
-1.36999375e+00,

6.55457215e-02,
-3.03809991e-01,
-2.00283157e-01,

-6.83876366e-01,
6.86398128e-01,
-8.20759338e-02,

-2.16834907e+00,
2.41899438e+00,
-4.29162171e-01,

6.72988370e-01,
-1.69081423e+00,
2.04511701e+00,

-4.06894443e-01,
7.19201984e-01,
-1.65190201e-02,

-1.43043100e-01,
-5.15062139e-02,
3.10594677e-01,

6.11715343e-01,
3.77241509e-01,
1.46477222e+00,

-6.05861519e-01,
3.40177641e-01,
9.68865519e-02,

-1.43753442e+00,
4.34956006e-01,
-6.80588240e-01,

8.64452659e-02,
-1.03966618e-01,
6.28211562e-01,

-2.57572804e+00,
1.17021198e+00,
-4.64618448e-02,

-6.90006933e-01,
1.55042615e-01,
2.68530521e-01,

-6.53950786e-02,
-1.72174133e-01,
-4.46669921e-01,

4.83000578e-01,
3.32213538e-01,
-4.44131127e-01,

-2.57574789e-01,
-9.18673992e-01,
1.12755811e-02,

1.35624193e+00,
-1.35139796e-02,
-5.44622963e-01,

1.42038810e+00,
-1.66047627e+00,
-5.31556585e-01,

5.57445446e-01,
5.27622158e-03,
1.35466334e+00,

-2.63429952e-01,
-1.08742468e-01,
4.38544859e-01,

-8.96899509e-01,
8.41273744e-01,
-2.61994264e+00,

6.04832807e-01,
3.02181462e-01,
-2.46434165e-01,

4.52240576e-01,
-9.20482971e-02,
6.26597282e-02,

9.25317095e-01,
-1.74402135e-01,
1.12593406e+00,

-1.63533725e+00,
-4.27772811e-01,
1.42870805e-01,

7.98827191e-01,
-1.52091190e+00,
9.49710797e-01,

7.01517097e-01,
-3.60559127e-01,
-1.99915652e-01,

9.07457698e-01,
-1.18204086e-01,
3.25093150e-01,

-6.05552690e-01,
2.10339812e+00,
-1.15949906e+00,

5.20971036e-01,
-1.95205973e+00,
-7.79583593e-01,

1.08977833e+00,
-7.76251761e-01,
6.28339608e-01,

-1.12145245e+00,
-1.79513328e-01,
-4.17915064e-01,

8.16779500e-01,
-1.06348720e+00,
-1.87868373e+00,

5.75709846e-01,
9.10844813e-01,
-3.75465639e-01,

-1.25478001e+00,
1.24617755e+00,
7.61208831e-01,

-1.68329175e+00,
1.46669766e+00,
-6.66447796e-01,

-4.66631669e-01,
2.93828452e-01,
-1.31315656e+00,

-8.19240012e-01,
1.17755818e+00,
-2.79805810e-01,

-2.28459399e-01,
-1.65219450e+00,
8.04439657e-01,

-1.87173947e+00,
-8.51423934e-01,
4.84596417e-02,

-2.17597386e+00,
-7.93339141e-01,
-9.68293904e-01,

9.04918375e-01,
-4.11221076e-01,
-2.07952657e-01,

-3.67677192e-01,
6.98729544e-01,
1.68336657e-01,

1.26330682e-01,
-1.15085158e+00,
-2.00031305e+00,

-4.99018311e-01,
-6.53509375e-01,
4.86306732e-01,

-3.54459150e-01,
1.48776372e+00,
-3.46776756e-01,

4.66672586e-02,
1.39022482e+00,
-9.60473534e-01,

-2.83921126e-01,
-6.12535597e-02,
1.40287167e+00,

6.55860324e-01,
-1.67448727e+00,
-1.03534029e+00,

8.48469700e-01,
9.93584025e-02,
-3.90571491e-02,

9.45252790e-02,
2.30801592e-01,
-1.64596698e+00,

-3.82631592e-01,
1.09885490e+00,
3.80867328e-01,

7.66417412e-01,
-7.00762361e-01,
-2.94392030e-01,

4.05504606e-01,
-6.38009444e-01,
-1.44367269e+00,

-1.17259796e+00,
-1.19370448e-01,
-2.30152356e-01,

1.85482901e-01,
-6.16484705e-01,
6.51493248e-01,

1.79185587e+00,
-1.53775220e+00,
5.61277225e-01,

2.08545828e+00,
-3.41532057e-01,
-2.27613618e+00,

6.46702982e-01,
2.53543966e-01,
-1.34334570e+00,

1.04215512e+00,
-4.77013465e-01,
1.82663040e+00,

7.21143124e-01,
1.59565071e+00,
-8.72237871e-01,

-1.43544192e+00,
-1.97026334e+00,
-6.76483938e-02,

2.64691189e-01,
-1.16094501e+00,
1.92937755e-01,

-7.15517441e-01,
5.79121782e-01,
-5.93512690e-01,

4.95956101e-01,
-1.95319423e+00,
-4.18975674e-01,

-2.06052271e+00,
1.47099677e+00,
4.29432629e-01,

3.33764808e+00,
-1.11628865e+00,
-6.06419873e-01,

1.82256117e+00,
-1.80176671e+00,
-5.10614401e-01,

-6.38608783e-01,
4.55399202e-01,
-1.88477699e+00,

5.64201318e-01,
-4.26332659e-01,
2.32772985e-01,

-5.25847081e-01,
2.16760124e-01,
1.60412351e+00,

-3.64420252e-01,
-1.43181811e+00,
2.04840474e+00,

-4.71696529e-02,
1.48167837e+00,
-1.75622198e+00,

-8.93742316e-01,
4.75140832e-01,
1.47625504e-01,

8.63169263e-01,
1.05498742e+00,
5.06503716e-01,

2.49618275e-01,
-1.51058659e+00,
-3.23923958e-01,

2.69020463e-01,
-1.51631801e+00,
-2.42160173e-01,

-4.68621432e-01,
-6.18822896e-01,
1.28181800e+00,

6.83187229e-01,
-2.25555835e-01,
1.60042502e+00,

-5.68937698e-01,
-7.00756135e-01,
1.47950986e+00,

-2.30136823e+00,
-3.43108799e-02,
-3.87142330e-01,

-1.26185598e+00,
1.55613316e+00,
-8.58485011e-01,

-5.55426029e-01,
8.99483694e-01,
5.08784363e-01,

3.53545491e-01,
7.60463763e-01,
-6.09821519e-01,

-1.15981432e+00,
-4.95632061e-01,
-1.93388313e+00,

2.14319607e+00,
-1.26336203e+00,
9.79059387e-01,

-4.29684723e-01,
7.76096452e-01,
2.94727421e-01,

1.60961788e-01,
1.18968360e-02,
-2.21217347e+00,

1.22534308e+00,
-6.73505009e-01,
1.03834616e+00,

1.27025460e-01,
9.04867246e-02,
-1.82609760e-01,

3.38396192e-02,
1.07461553e+00,
-9.71750617e-01,

-1.79716374e-01,
6.89119203e-01,
-1.07876236e+00,

4.98923688e-01,
-1.06935095e+00,
-1.42999140e+00,

1.52941570e+00,
-3.67726802e-01,
5.15840809e-01,

5.05232998e-01,
5.52015075e-01,
-9.36273998e-01,

1.08282900e+00,
7.65801836e-02,
-1.13828955e+00,

-2.04744628e-01,
-2.46407771e-01,
5.34756345e-01,

-1.19168042e+00,
7.49000169e-01,
1.30201077e+00,

6.69693111e-01,
3.89565815e-01,
-1.44599802e-02,

1.62619459e-01,
-1.50095430e-01,
7.63681949e-01,

-1.22743074e+00,
6.64435943e-01,
5.82370871e-01,

-1.25674426e+00,
3.87360009e+00,
-1.32231794e+00,

8.41786640e-01,
-2.37513939e-01,
-8.00874995e-01,

-4.94084073e-01,
1.09217487e+00,
4.40765935e-01,

-5.56612127e-01,
-3.85640633e-01,
8.79867473e-01,

-1.08221550e+00,
3.72208105e-02,
-4.11519998e-01,

1.73957190e-01,
4.88545728e-01,
-8.05874420e-01,

1.83570122e+00,
-1.63061930e+00,
-1.14116554e+00,

4.41568974e-01,
-3.39604232e-01,
1.56977709e+00,

-1.18985670e+00,
-2.47546402e-02,
1.04454469e+00,

1.15805798e+00,
2.46889614e-01,
-8.08808848e-01,

1.20415833e+00,
3.33507929e-01,
2.16723188e+00,

-1.36758006e+00,
-1.30649335e+00,
1.37600085e+00,

1.13316563e+00,
1.16039836e+00,
-9.85074471e-01,

4.86305740e-01,
-1.49991680e+00,
-4.30457480e-01,

-2.08198213e-01,
5.42258592e-01,
1.81206291e-01,

-5.86208880e-02,
-1.03075523e-01,
-1.50770072e-01,

8.25990724e-01,
-3.66822314e-01,
9.77632929e-01,

-3.49890920e-01,
6.53520109e-01,
2.18240223e+00,

6.50540621e-01,
-9.21685542e-01,
-3.19812921e-01,

1.48609528e+00,
-5.45890205e-02,
1.57411392e+00,

-1.02785171e+00,
-1.05848709e+00,
2.54542827e-01,

-4.70136547e-02,
1.20683002e-01,
-5.00542185e-01,

-3.33284625e-01,
7.12122489e-01,
-9.16228085e-01,

-9.68415404e-01,
2.58664063e-01,
1.72547988e+00,

1.59378091e-01,
-1.23393193e+00,
-8.56977952e-02,

1.37316364e+00,
2.84028291e-02,
3.48803099e-01,

2.48517406e-01,
2.08019197e-01,
-1.78335234e+00,

-4.26661221e-01,
1.66923455e-01,
2.62381117e+00,

-1.38641726e+00,
1.15116313e-01,
7.22699819e-01,

-3.75645786e-01,
-1.06981919e+00,
-4.39887122e-01,

-5.43047515e-01,
-2.26151256e-01,
1.97304348e-02,

-1.43663234e+00,
1.57862897e+00,
-2.27775965e+00,

8.58481339e-01,
-5.59537522e-01,
6.50963285e-01,

-1.26758184e+00,
-9.06280423e-01,
-1.31810858e+00,

-4.28674746e-01,
-8.07356615e-01,
3.56507094e-01,

4.11381866e-01,
-9.76779856e-01,
1.49938849e+00,

-2.53680184e-01,
2.33926922e+00,
-2.08075892e+00,

1.35981379e+00,
-1.23247755e-01,
6.05928456e-01,

-2.93535897e+00,
-4.60605043e-01,
4.70532541e-01,

9.04017543e-01,
-9.62923892e-01,
-3.98793193e-01,

-1.17205749e-01,
-1.14518353e+00,
7.93463879e-01,

-6.66312696e-01,
-2.45557759e+00,
6.66868207e-01,

1.11479619e+00,
-7.71020880e-02,
-1.28090839e+00,

-9.31997056e-01,
1.01250082e+00,
-7.04585702e-01,

-7.39842021e-01,
-2.82918931e-01,
1.11894098e+00,

7.34004095e-01,
1.42427975e+00,
-5.47194558e-01,

-5.87093423e-01,
-1.12876340e-01,
1.52849132e+00,

-2.69752311e-01,
4.19144176e-01,
-1.09102373e+00,

6.42020920e-03,
4.60315519e-01,
-9.56491253e-02,

9.96528563e-02,
1.79455438e+00,
-1.40449248e+00,

2.27886676e+00,
-6.34725315e-01,
5.67456143e-01,

-2.34950755e+00,
-1.46439358e-02,
1.01591831e+00,

-1.21260046e+00,
-9.14973767e-01,
5.84365374e-01,

4.72124543e-01,
-2.27433079e+00,
3.66815708e-01,

1.81279026e+00,
-1.12786428e+00,
4.74148888e-01,

-3.61679435e-01,
1.57558273e+00,
4.70813992e-02,

-1.07814269e+00,
-1.69552119e-01,
1.14739233e+00,

9.52725791e-02,
7.74193287e-01,
-1.29457693e+00,

9.40990654e-01,
-7.21891729e-02,
1.22004796e+00,

-2.34523309e+00,
-9.20856122e-01,
1.19918915e+00,

-5.87376518e-01,
3.29098102e-01,
1.10974901e+00,

-7.61297298e-01,
1.23191303e+00,
4.87828127e-01,

-1.54865577e+00,
1.03766399e+00,
6.06865457e-01,

-4.99292299e-01,
1.64467427e+00,
2.29782811e+00,

-7.18084254e-01,
-9.13630312e-02,
1.05363757e+00,

-1.23065589e+00,
7.56584828e-01,
9.63692032e-01,

-1.53055875e+00,
1.42306759e+00,
-1.86732200e+00,

4.65904563e-01,
-4.21982503e-01,
1.29475371e-01,

-8.41141819e-01,
2.22145948e-01,
-1.79266174e-01,

9.39660872e-01,
-9.30704908e-02,
1.09902512e+00,

-9.94603034e-01,
1.20142919e+00,
3.77384828e-01,

-1.15691968e+00,
-7.26852613e-02,
-8.19331316e-01,

-4.72609687e-01,
1.25823264e+00,
-1.65709124e-01,

9.36146279e-01,
-2.68667043e+00,
-1.19064150e-01,

1.05049391e+00,
-1.38946409e+00,
1.35088084e+00,

1.04681126e+00,
-6.01793312e-01,
8.34919488e-01,

1.27846597e+00,
-4.85542227e-01,
3.29052510e-01,

-6.04031431e-01,
5.82498223e-01,
-4.27556120e-01,

1.73610298e-01,
-6.44806761e-01,
2.00284974e+00,

1.90620410e-01,
8.08482698e-01,
-3.16228233e-01,

-4.19091310e-01,
6.60488827e-01,
1.00239576e-01,

5.11276606e-01,
-9.68831082e-01,
-1.34361537e+00,

1.89486228e+00,
1.80885484e+00,
5.13840786e-01,

-1.55507501e+00,
2.53554715e+00,
2.74461836e-01,

-5.75515413e-01,
7.84739559e-01,
-2.79363283e+00,

5.21046561e-01,
9.70937180e-01,
-1.99737989e+00,

2.33200386e-01,
-5.08525522e-01,
-7.76832011e-01,

6.65194892e-01,
3.35321060e-02,
-6.56244176e-01,

6.26656042e-01,
-1.31237939e-01,
6.18003713e-01,

-9.43273260e-02,
4.49939063e-01,
2.84442029e-01,

8.46278147e-01,
2.81376507e+00,
-2.86330398e+00,

5.20227644e-01,
-2.08544421e+00,
5.67695993e-01,

-2.86881693e+00,
1.04995408e+00,
5.91692370e-01,

-6.39074409e-01,
2.58271893e+00,
-1.18198118e+00,

4.46055991e-02,
9.18846154e-01,
-4.43437914e-01,

2.55662284e+00,
-1.95459647e+00,
1.12043057e+00,

-7.92423870e-01,
-1.70666864e+00,
-1.03050207e+00,

4.14532404e-01,
-3.25924281e-01,
-1.02747988e+00,

8.10739121e-01,
-1.45659167e+00,
-1.42718575e-01,

9.91208209e-02,
-7.70788138e-01,
1.25631912e+00,

-5.80650322e-01,
-9.97414006e-01,
1.57725329e+00,

-1.70415393e+00,
9.99024211e-01,
6.48028084e-01,

-3.82801860e-01,
-3.90449103e-01,
1.56097895e+00,

-8.45714269e-02,
1.18198992e+00,
-8.48327522e-02,

-2.97634833e-01,
2.46461220e-01,
-7.75575701e-01,

8.81917397e-01,
-6.20898960e-01,
6.10812670e-01,

-1.36362050e-01,
-7.79041990e-01,
5.93874642e-01,

1.17958673e+00,
6.85855229e-01,
-3.01429225e+00,

-3.37625668e-01,
1.58057759e+00,
-1.24150904e+00,

-1.36628269e-01,
7.93165188e-01,
-2.44778163e-01,

1.99208221e+00,
-2.25988051e+00,
1.63517730e+00,

-3.89305785e-01,
-9.78144863e-02,
-1.01907292e+00,

6.27150643e-01,
-8.13820365e-01,
2.15245306e-01,

-6.30432651e-02,
-4.93864616e-01,
1.08927294e+00,

-1.20779830e+00,
7.96297260e-01,
5.80473877e-01,

-1.70696311e+00,
5.29332795e-02,
3.51901656e-01,

-9.26691214e-01,
2.97534275e-01,
1.86998945e-01,

1.80765613e+00,
-9.24036170e-02,
-5.81656725e-03,

1.27723880e+00,
-2.45301672e+00,
-8.70532647e-01,

1.48685129e+00,
-9.46643331e-01,
1.51780509e+00,

-5.37037506e-01,
2.13902177e-01,
-6.90864119e-01,

4.43505111e-01,
8.96904371e-02,
-6.97706205e-01,

-5.18455773e-01,
1.02944115e+00,
1.23752512e-01,

4.66490390e-01,
-2.22564186e-01,
4.48600161e-01,

-2.47262978e+00,
2.15229507e+00,
1.07509480e+00,

9.12283288e-01,
1.80968041e-02,
-6.12633407e-01,

1.42582942e-01,
-2.45166133e-01,
1.48075566e+00,

9.19515273e-01,
-5.43654104e-01,
-1.90003430e-01,

-1.12492738e+00,
1.32291632e+00,
1.46295373e+00,

-1.68756987e+00,
3.66791309e-01,
3.70718775e-01,

-2.36351100e-01,
-7.87706678e-01,
1.38453330e+00,

6.84453845e-01,
-1.18014022e+00,
1.40906687e-02,

1.82816239e+00,
-1.97932234e+00,
8.11389202e-02,

-1.14324182e+00,
-4.89898897e-02,
-3.68373568e-01,

1.58771407e-01,
1.23392636e+00,
6.86821287e-01,

-1.11864624e-01,
6.02770791e-02,
-8.01191474e-01,

-4.77397433e-01,
-5.07105032e-01,
7.00392730e-01,

-6.58767252e-01,
6.03184819e-01,
-1.10682496e+00,

-1.10436816e+00,
3.30233022e-01,
-5.83154340e-01,

3.43704357e-01,
7.42780988e-01,
-1.41655403e+00,

1.53626096e+00,
4.83086754e-01,
2.33101197e+00,

-2.40588897e+00,
-4.40214068e-02,
-7.31180465e-01,

5.04694295e-01,
2.32448667e+00,
-1.71049046e+00,

8.96772915e-01,
8.34281793e-01,
-1.12821407e+00,

2.23420990e+00,
-1.57888664e-01,
-1.78793317e+00,

-2.06633322e-01,
-9.66807358e-01,
2.61865686e-01,

1.37723996e+00,
4.70676518e-01,
-9.38652386e-01,

1.45206252e+00,
-1.67122332e+00,
9.40079831e-01,

-3.14894558e-01,
-1.33262862e+00,
-2.12067895e-01,

-8.39507341e-01,
-1.47389697e-01,
-1.02303494e+00,

8.58831044e-01,
2.00180606e-01,
-5.52080602e-01,

7.76307673e-01,
-1.29747562e+00,
1.83419371e+00,

-1.14953151e+00,
-1.92355549e+00,
1.19974465e+00,

1.43104155e+00,
7.83553778e-01,
3.61870059e-01,

1.55545939e+00,
5.26585355e-01,
5.40393509e-01,

-8.55797367e-01,
-3.41955032e-01,
-2.30066148e-01,

5.27401044e-01,
-1.07535693e-01,
2.29495913e+00,

-8.91480464e-01,
-3.72479871e-02,
-7.40607283e-01,

-2.37822232e-01,
1.32846124e+00,
-1.43943440e-01,

-5.17538270e-01,
4.45767019e-01,
-6.75965069e-01,

6.55059911e-01,
-2.61992017e+00,
-1.64467267e-01,

2.45252453e-01,
-1.14292270e+00,
6.16756041e-01,

-5.56156603e-01,
-2.96493499e-01,
3.95376740e-02,

-7.11721249e-01,
-5.36827512e-01,
-4.14183990e-01,

-1.18048248e+00,
-7.73572592e-01,
7.50699444e-01,

-1.43723367e-01,
-7.98001976e-01,
-9.78667810e-01,

2.34180908e+00,
-1.23922796e+00,
8.03849157e-01,

4.00238052e-01,
-1.80913459e+00,
3.38300699e+00,

-1.18042856e+00,
4.67565171e-01,
-1.22653199e+00,

6.78399959e-01,
-5.85930347e-01,
2.74426240e-01,

1.11782096e+00,
-1.24336778e+00,
-1.94152588e+00,

6.69389853e-01,
5.72022634e-01,
9.35563989e-01,

1.45061499e-01,
-1.24744631e+00,
-1.19476916e+00,

8.63739264e-01,
6.17279768e-02,
5.82246578e-01,

-1.70665207e+00,
1.71782479e+00,
8.59334239e-01,

5.36946707e-01