-6.47832705e-01,
-2.30832083e-01,
3.05296152e-01,

-6.04980093e-01,
6.84304348e-01,
2.41293360e+00,

2.55795830e+00,
1.84467559e+00,
-6.25976680e-01,

-1.31844547e+00,
-5.67252729e-01,
-2.55192169e-01,

4.88119844e-01,
1.04618386e+00,
-1.62475483e-01,

-2.19699451e+00,
-1.02936604e-01,
6.83281734e-02,

-1.79509189e+00,
-7.48766585e-01,
-1.31580226e-01,

1.03218876e+00,
1.67056355e+00,
-5.65178481e-01,

-4.38905551e-01,
1.66865284e+00,
4.92152984e-01,

3.96394413e-01,
-6.86153619e-01,
-6.36277973e-01,

8.38690617e-01,
-6.02287725e-01,
-5.32232337e-01,

6.21800573e-01,
1.15463833e+00,
-5.13413267e-01,

-7.95213264e-01,
-1.43697490e+00,
-1.79458425e+00,

-1.73463884e-01,
7.56380985e-01,
5.46669632e-01,

-1.09352378e-01,
3.03492079e-01,
-7.97740756e-01,

-2.83422726e+00,
-5.29323892e-02,
1.67774107e+00,

-9.10224093e-01,
-1.22328396e+00,
-4.40009061e-01,

-2.06936180e-01,
1.38015150e-02,
1.19992795e-01,

8.79552749e-02,
2.32200520e+00,
2.92688018e+00,

3.46664541e-01,
-4.73246210e-01,
5.00480586e-02,

-3.78720665e-01,
-8.49703277e-01,
-1.34322576e+00,

-3.08173324e-02,
1.62409260e+00,
2.58569960e+00,

1.30492779e+00,
-3.70111156e-02,
9.84089075e-01,

3.09171879e-01,
1.53543576e+00,
6.12338187e-01,

-1.56094924e-01,
1.07827827e+00,
-5.66930025e-01,

2.90382782e-01,
1.53241204e+00,
1.62590805e+00,

2.56913744e+00,
1.28876066e+00,
-1.17547155e+00,

-2.68925963e-01,
-6.72013701e-02,
5.56087187e-01,

4.18293344e-01,
-7.10462963e-01,
1.15354925e-01,

-1.33328540e+00,
-5.01254310e-01,
1.75201503e+00,

1.92816695e+00,
8.53551616e-01,
1.47567477e-01,

1.48091297e+00,
2.52517565e-01,
-7.07934289e-01,

-1.28410150e+00,
-1.18102241e+00,
-6.96922742e-01,

-1.23370527e+00,
-5.12329002e-01,
9.75448942e-01,

5.96769917e-01,
-9.09007834e-01,
-6.25069913e-01,

-7.12202055e-01,
-1.68368513e+00,
-1.46499650e+00,

1.22684344e+00,
9.88934610e-01,
-1.59820355e+00,

-1.05616883e+00,
1.14654049e-01,
-1.14744992e+00,

-2.76440493e+00,
-1.52567331e+00,
-4.79763311e-02,

5.60860993e-01,
3.84443342e-01,
1.22781671e+00,

2.21703494e+00,
1.33322390e+00,
-9.99119266e-01,

-1.57368598e+00,
-4.79263154e-01,
-4.06987097e-01,

-4.79851849e-01,
-6.64984512e-01,
-1.13699916e+00,

-4.11146926e-01,
-8.85391899e-01,
-1.37916851e+00,

-3.66711837e-01,
3.90845090e-01,
-7.81493027e-03,

-1.31015803e+00,
-1.95341347e+00,
-1.10107485e+00,

-1.03097617e-01,
2.24196139e-01,
6.97347125e-01,

1.00541834e-01,
-1.35659333e+00,
-2.51909189e+00,

-2.50471177e+00,
-1.25326891e+00,
1.57709753e+00,

2.55178374e+00,
1.84851081e+00,
-5.80895363e-01,

-2.75456015e-01,
1.59139483e+00,
-3.21340880e-01,

-1.48206049e+00,
1.01533850e+00,
2.92476956e+00,

1.21880392e+00,
-1.16499337e+00,
8.44806441e-01,

3.48195084e+00,
2.43559186e+00,
5.12046304e-01,

-2.46241669e-01,
-1.84162512e+00,
-3.87923701e+00,

-2.56329862e+00,
5.49780586e-01,
1.95602674e+00,

9.08802710e-01,
-1.24055286e-02,
2.26884762e+00,

1.09930113e+00,
-2.71665593e+00,
-1.62285430e+00,

1.58739151e+00,
1.95782169e+00,
3.33025822e-02,

-7.14096402e-02,
8.40009354e-01,
1.66369219e+00,

2.71705022e+00,
2.70387112e+00,
1.31657738e+00,

7.53781030e-01,
2.00570960e+00,
1.83288331e+00,

2.15881877e+00,
9.49270985e-01,
4.12761890e-01,

1.69147589e+00,
1.21370584e+00,
1.28589745e+00,

1.81157150e+00,
-8.24742298e-03,
-1.75920435e+00,

1.05368072e+00,
1.31728174e+00,
1.02560736e+00,

2.16646939e+00,
-1.44291263e+00,
-9.79933707e-01,

6.23357102e-01,
8.07599335e-01,
2.10900725e+00,

1.88339445e+00,
-5.84120101e-02,
-6.99409630e-02,

1.18086877e+00,
1.89249391e+00,
2.59800276e+00,

1.24500351e+00,
-5.47225528e-01,
8.59501870e-01,

4.81045305e-01,
4.98139160e-01,
8.59903741e-01,

6.12746006e-01,
3.38658088e-01,
-7.61849083e-01,

-6.26531695e-01,
6.60571974e-01,
1.26370501e+00,

5.32622026e-02,
-3.57910011e-01,
-2.46017145e-01,

-1.52547764e-01,
-5.17434831e-01,
-2.78312902e+00,

-1.36775876e+00,
8.53253536e-01,
1.53064967e+00,

1.18223066e+00,
-8.61000143e-01,
-5.50956171e-01,

4.72002347e-01,
6.23996057e-01,
1.20835266e+00,

9.00174565e-01,
9.66344392e-01,
3.63283404e-01,

3.36504890e-01,
1.41616728e+00,
9.56793053e-01,

-1.02979965e+00,
-1.00596845e+00,
2.38663366e+00,

7.41038362e-01,
-9.57443000e-01,
-1.02835325e+00,

-6.03797542e-01,
-4.90944152e-01,
-3.38942210e-01,

1.61921379e+00,
3.54596722e-02,
-6.12759363e-01,

-1.27799115e+00,
-3.92882757e+00,
-1.62308589e+00,

4.66365518e-01,
-1.78394321e+00,
-1.31101679e+00,

1.50556216e+00,
-1.72553926e-01,
-2.02361725e-02,

2.13937730e+00,
2.34380153e+00,
1.95157383e+00,

1.73510344e+00,
3.01916710e+00,
1.94334458e+00,

3.42155254e-02,
2.11772245e+00,
9.81622966e-01,

-8.30348902e-01,
-2.82956961e-02,
-1.30859063e-01,

9.09101874e-01,
7.75568831e-01,
1.32851515e+00,

2.06660389e+00,
-1.09084589e+00,
-1.55045861e+00,

1.93332801e-01,
2.61342461e-01,
-1.34613710e+00,

-1.99377583e+00,
-1.86923633e+00,
-1.62706379e-01,

1.05564614e+00,
2.07160114e+00,
5.92131995e-01,

-1.34341659e+00,
-3.62496038e-01,
2.67028273e-01,

-3.23480187e-01,
4.27183393e-02,
-5.52371384e-01,

-1.26900921e+00,
-1.92891829e-01,
-6.28506850e-01,

-1.69607109e+00,
-1.68614001e+00,
-7.49433177e-01,

5.60068037e-01,
1.55854256e+00,
1.38334892e+00,

-7.64269351e-01,
-1.15334769e+00,
1.55986914e+00,

2.01327806e+00,
3.89369701e-01,
-8.59984220e-01,

2.63774218e-01,
9.65289152e-01,
-5.21529800e-02,

-1.95083953e+00,
-1.41811853e+00,
-1.41396346e+00,

-2.08513651e+00,
3.03790160e-01,
-2.05852292e-01,

1.87185321e-01,
1.45147313e+00,
6.90280256e-01,

3.04325448e-02,
-1.48089254e+00,
-5.37265957e-01,

1.08210039e+00,
7.46278973e-01,
-1.67462660e+00,

-6.83363190e-01,
2.25207827e+00,
4.98887223e-01,

4.75660425e-01,
1.99945810e+00,
-3.00989120e-01,

-3.83888093e-01,
6.53934810e-01,
-1.95184662e+00,

-2.95323723e+00,
-1.15964200e-01,
1.17001643e+00,

3.70819860e-01,
-1.06530329e+00,
-9.63874870e-01,

9.59391140e-01,
-7.67872469e-01,
-2.17516061e+00,

-2.01059872e-01,
-8.45089625e-01,
1.23099200e+00,

2.02164090e+00,
-2.08217013e-01,
-8.26146602e-01,

-5.84805416e-02,
1.06587964e-01,
-1.38029990e+00,

8.05089189e-02,
3.39079975e-01,
-4.27629990e-01,

-9.20941615e-01,
3.66002606e-01,
5.11852495e-01,

-1.56674408e+00,
5.89556249e-01,
6.95134903e-01,

6.80256810e-01,
1.41123104e+00,
1.94356887e+00,

7.07569812e-02,
-1.45953265e+00,
3.09568304e-01,

-2.83370375e-01,
7.03033303e-02,
-1.08406672e+00,

-1.53500364e+00,
-6.87428063e-01,
-2.48917598e+00,

-1.31622474e+00,
5.68362310e-01,
1.35344758e+00,

-2.03000548e+00,
-4.59145696e+00,
-1.83989324e+00,

-1.06691173e+00,
-2.28307041e+00,
-8.48759001e-01,

1.20588002e+00,
-2.25194185e+00,
-3.51755298e+00,

5.25906382e-01,
2.47443446e+00,
1.89104216e+00,

3.88735595e-02,
1.82357982e+00,
8.89453909e-01,

-1.55021248e+00,
1.25642632e+00,
1.11925450e+00,

-9.88260068e-01,
-2.34225962e-01,
5.25937149e-01,

1.12092532e-01,
-7.02363572e-01,
-4.44175694e-01,

1.42020022e-01,
-6.76708484e-01,
-4.81089885e-02,

1.48766199e+00,
-1.36398644e+00,
1.37973053e-02,

2.42109366e+00,
6.29590765e-01,
-7.02997239e-01,

8.02830063e-02,
6.12987596e-01,
1.12982562e+00,

1.22455460e+00,
-2.50216926e+00,
-1.58621827e+00,

1.82721680e+00,
1.12932661e+00,
5.39994269e-01,

-1.14533142e+00,
-2.53168401e+00,
-4.63771693e-01,

1.36030291e+00,
-8.36688134e-02,
-4.50205086e-01,

1.40631796e+00,
3.60187476e-02,
-1.28270275e+00,

-1.19551643e+00,
2.05320891e-01,
7.65565852e-01,

5.78252653e-02,
-2.06734729e-03,
-1.97081432e-01,

-3.45523460e-01,
2.14104432e-01,
-4.34228797e-02,

-4.31274198e-01,
1.30971163e-01,
-1.70458989e+00,

5.92998679e-01,
6.74929095e-01,
-2.49207984e+00,

-1.79043755e+00,
-1.20263081e+00,
8.23423863e-02,

-6.92462287e-01,
-7.00992771e-01,
2.22211714e+00,

2.95617016e+00,
7.22345224e-01,
-8.58206298e-01,

-8.91759658e-01,
-3.03296353e-01,
1.70295464e-03,

5.16448618e-01,
2.33100324e+00,
-4.92279188e-01,

-5.57932614e-01,
2.76662123e+00,
2.23258244e+00,

1.14357082e+00,
-3.04514045e-01,
-5.68876968e-01,

-3.64145558e-01,
-1.02485343e+00,
7.10776939e-02,

6.64629359e-01,
-8.29706096e-01,
-1.42208289e+00,

-9.08701333e-01,
2.86236524e-01,
1.52865134e-02,

-2.73605654e-01,
-8.36030572e-01,
-3.91655789e-01,

1.14403626e+00,
-1.88208723e-01,
-9.67378012e-01,

-4.02270073e-01,
-3.47173861e-01,
-3.58328189e-01,

-1.74224121e-01,
1.59625410e-01,
1.01883539e+00,

3.19822615e+00,
3.85546172e+00,
2.07810693e+00,

-4.24223742e-01,
1.21931877e+00,
2.29550501e+00,

-1.70373782e+00,
-1.01125268e+00,
1.59485425e+00,

-7.05877198e-01,
-1.66537801e+00,
9.11055762e-01,

6.65094049e-01,
7.46935522e-02,
1.22309257e+00,

1.75478193e+00,
1.05130455e+00,
1.43550335e+00,

2.12973682e+00,
-2.04050372e+00,
-2.63495762e+00,

-1.33824535e+00,
-1.82276837e+00,
-3.98059854e-01,

5.15844085e-01,
-1.53338556e+00,
-1.60532118e+00,

9.45553937e-01,
1.72448466e-01,
6.54111000e-01,

2.10140061e+00,
1.89782221e+00,
1.39683843e+00,

1.67322812e+00,
3.78758192e-01,
-7.76585251e-01,

1.71345589e+00,
3.60237028e+00,
6.60244221e-01,

-1.26209130e+00,
-1.17309913e+00,
-2.81418148e+00,

-2.48139759e+00,
-1.40850392e+00,
9.87373214e-03,

1.83558031e-01,
-9.82411584e-01,
-1.28039425e+00,

-2.68659916e+00,
-1.86851789e+00,
-1.21181558e+00,

7.84347293e-01,
2.13091955e+00,
-8.14269357e-01,

-1.93787131e+00,
-2.01415626e+00,
-1.74556209e+00,

2.42138777e+00,
4.44774495e+00,
1.64352053e+00,

-4.61243023e-01,
-5.04856152e-01,
-3.64681857e-01,

-5.05829177e-01,
6.59579156e-01,
1.60576799e+00,

5.79460723e-01,
-2.11375896e-01,
-1.02738131e+00,

-2.12650830e-01,
1.29920619e+00,
1.80227375e+00,

1.05960256e+00,
9.46363143e-01,
6.44605498e-01,

5.72909093e-01,
-1.33980596e+00,
-1.75374726e+00,

-7.55529442e-01,
-9.42681713e-01,
6.63220844e-01,

-6.60280367e-01,
-4.60412975e-01,
1.18162929e+00,

-9.01438049e-01,
-8.70366437e-01,
-5.02522710e-01,

-3.12879508e+00,
-1.43904865e+00,
2.37860549e+00,

2.19367300e+00,
2.45621163e+00,
3.13749376e+00,

6.88592602e-01,
-2.69125587e+00,
-3.51574183e+00,

-1.67075352e+00,
-1.01120443e+00,
-1.64194168e+00,

-4.62903822e-01,
-1.90616855e+00,
-3.23570727e+00,

-1.67145116e+00,
-1.23387072e+00,
-8.62224366e-01,

3.84732420e-01,
-5.14820688e-02,
3.64228248e-01,

7.22777082e-01,
5.23358542e-01,
-4.48379528e-01,

-1.20373816e+00,
-3.23259403e-01,
1.09033802e+00,

1.95708767e+00,
4.74172566e-01,
1.12905251e+00,

5.33884723e-01,
3.91882200e-01,
2.98010699e-02,

1.18242258e-01,
1.22243614e+00,
8.50020491e-01,

-2.48257327e-01,
7.19793182e-01,
2.31102687e+00,

1.51723970e+00,
-6.84194139e-01,
-8.63568928e-01,

-5.48494684e-01,
1.43599723e+00,
2.31112674e+00,

1.01398714e+00,
-5.35004025e-01,
-8.76865468e-01,

1.14194075e+00,
-2.93251263e-01,
-1.63012418e+00,

5.00329157e-01,
1.14096017e+00,
8.22017234e-01,

1.17077495e+00,
2.08499375e+00,
1.64069797e+00,

-1.64380170e+00,
-3.58109800e+00,
-2.97584649e+00,

-2.31556546e+00,
2.17776538e-01,
4.88396660e-01,

8.54019926e-01,
7.87715835e-01,
1.14278564e+00,

3.13584873e+00,
1.39600478e+00,
1.75675683e-01,

8.12268748e-01,
1.17516479e+00,
-5.81833749e-01,

-5.65058861e-01,
-1.12699570e+00,
-9.57615531e-01,

8.65605992e-01,
-4.67889183e-02,
-6.43972806e-02,

1.92180459e+00,
2.15873263e+00,
1.49423705e+00,

2.47441688e+00,
1.81012566e+00,
7.58005379e-01,

1.29330533e+00,
5.63089293e-01,
6.47647885e-01,

1.10587726e+00,
2.00697314e+00,
3.12488977e+00,

1.28764710e+00,
7.90046392e-01,
1.83526204e+00,

5.67770110e-01,
-1.13755837e+00,
3.13726277e-01,

9.38083284e-01,
5.85464650e-01,
9.36787170e-01,

1.40457590e-01,
-1.17113936e+00,
-2.01455956e+00,

-3.21332191e+00,
-1.97040456e+00,
9.78043091e-01,

3.56610252e-01,
8.60546863e-01,
1.67962101e+00,

2.17785936e+00,
-4.04060973e-01,
-2.12533087e+00,

-1.55726419e+00,
-1.78806980e+00,
4.38389259e-01,

1.41194263e+00,
-1.28907907e+00,
-1.74883076e+00,

3.25658315e-01,
1.42335619e+00,
2.15427428e+00,

7.02080193e-01,
-5.28554756e-01,
-1.91216158e+00,

-1.28031414e+00,
-3.90828523e-01,
-3.09983556e-01,

7.30243176e-01,
9.81919300e-01,
1.13692199e+00,

-5.95345737e-01,
-1.61800783e+00,
6.87790779e-01,

3.98862180e-01,
-4.23727483e-01,
2.06540696e+00,

2.62006135e+00,
5.12786277e-01,
-7.37112383e-01,

3.10327584e-01,
-2.17816586e+00,
-3.56604215e+00,

-1.15710777e+00,
-1.90743363e+00,
-2.01350654e+00,

1.14532728e-02,
1.09491594e+00,
5.65741778e-01,

7.42059671e-01,
8.43343818e-01,
-2.87857629e-01,

-6.98359576e-01,
3.18690613e+00,
3.16483959e+00,

1.40872977e+00,
1.53606695e+00,
1.20584938e+00,

1.29844396e+00,
9.81142344e-01,
9.88816270e-01,

-7.91208378e-01,
-1.48001820e+00,
2.03229603e+00,

3.97258744e+00,
7.10893583e-01,
-1.38902713e+00,

1.29731169e+00,
6.48682608e-01,
-1.03343755e+00,

4.08889536e-03,
-2.13298593e+00,
-4.07026443e-01,

1.34213160e+00,
-9.32167038e-01,
-7.44566060e-01,

-8.14647330e-01,
-6.81023636e-01,
8.83893692e-01,

1.97965718e+00,
1.29950852e+00,
1.04159509e+00,

1.61977662e+00,
-1.33959344e+00,
-2.73895897e+00,

-1.03746274e+00,
3.96557567e-02,
-8.59581735e-01,

-8.79219306e-01,
3.56867028e-01,
-6.92518903e-01,

-6.98984390e-01,
1.44015644e+00,
8.06971879e-01,

-7.29543766e-01,
1.24339421e+00,
5.33847832e-01,

-1.45758857e+00,
-1.96547710e+00,
-1.72827235e+00,

9.00199497e-01,
6.66809695e-03,
-1.81034236e+00,

-2.36793400e+00,
-2.10012079e+00,
-1.44010702e+00,

-3.04840848e+00,
-1.85686509e+00,
7.72374406e-01,

6.66033963e-01,
6.72718402e-01,
1.99188486e-01,

-1.08151768e+00,
-1.71579237e-01,
-9.01497075e-01,

-1.93192831e+00,
-1.52963818e+00,
-1.82130106e+00,

-1.97178784e+00,
-6.03766312e-01,
7.55878026e-01,

3.75496810e-01,
8.44808846e-01,
5.30337349e-01,

-2.27204096e-01,
-1.50891314e-01,
-1.66121268e+00,

-1.34358749e+00,
1.21429443e+00,
1.62827074e+00,

-2.11330307e-01,
-2.13162799e+00,
-1.75202760e+00,

7.82776866e-01,
-2.17862396e-01,
-6.20702678e-01,

-1.61187729e+00,
-1.91253358e+00,
7.96451972e-01,

8.54578022e-01,
-2.84319644e+00,
-2.09019229e+00,

-4.44153961e-01,
-2.99483360e-01,
-3.16611429e-01,

4.39673305e-01,
1.25649914e+00,
-1.03748580e-01,

1.31408982e-01,
-8.18870320e-02,
-3.19191038e-01,

-1.67491384e-01,
-1.23122301e+00,
-8.30297331e-01,

4.67191502e-01,
-4.18840218e-01,
7.25508230e-01,

1.35634794e+00,
-7.20881406e-01,
4.30186803e-01,

1.92778680e+00,
1.70465182e+00,
1.89694669e-01,

-1.35614025e+00,
-1.14198949e+00,
-9.79337486e-01,

-2.99531981e-02,
4.11215921e-01,
-1.31816319e-01,

1.76174703e-02,
3.54651736e-01,
6.52158560e-01,

1.14807351e-01,
-1.73451095e+00,
2.66677121e-01,

2.28727957e+00,
1.07004575e+00,
1.76258291e+00,

1.87091292e+00,
9.10933107e-01,
-7.25757730e-01,

-2.02875836e+00,
-3.77259762e-01,
4.71594401e-01,

-1.11148064e+00,
-5.56487181e-01,
3.01046181e-01,

-1.08257164e+00,
-1.23746400e+00,
-8.04493054e-01,

8.78626723e-01,
1.68151423e+00,
8.77748164e-01,

-1.36338060e-01,
8.31671895e-01,
2.13176424e+00,

1.94674860e+00,
2.92948962e-01,
2.58123274e-01,

2.74987675e-01,
-8.65754817e-01,
-1.00509323e+00,

-7.79052411e-01,
-1.72234134e+00,
-2.06937746e+00,

-4.28507598e-02,
-4.83742850e-01,
-1.75172173e+00,

1.44261486e+00,
1.70115346e+00,
-2.05740376e+00,

-1.25027462e+00,
-7.22354146e-01,
-1.21990466e+00,

-7.85274036e-01,
-3.97751606e-01,
-1.78674338e+00,

-2.15537490e-01,
1.05119873e+00,
-3.25372173e-01,

8.47218532e-01,
1.07153005e+00,
1.37038061e+00,

3.54358762e-01,
-1.41996960e+00,
-2.12018073e+00,

-9.66926951e-01,
-7.83423806e-02,
-1.89753820e+00,

-1.94788297e-01,
9.49740648e-01,
1.71120907e-01,

-6.43545938e-03,
-1.61397217e+00,
-1.78365574e+00,

-1.55252853e+00,
-1.42884020e+00,
-3.66265905e-01,

-1.81323828e+00,
-2.91184624e+00,
-1.21102535e+00,

2.06908214e-01,
2.52962432e+00,
3.51771183e+00,

3.05198725e+00,
2.61242531e+00,
8.10695292e-01,

-7.74395976e-01,
-7.52295786e-01,
3.54794260e-01,

6.54246898e-01,
-1.34773923e+00,
-2.51251073e+00,

1.40821206e+00,
2.94352982e+00,
1.08773875e+00,

1.66940978e+00,
7.01721117e-02,
-5.37926740e-02,

2.64584564e-01,
-4.76048599e-01,
5.73067281e-01,

4.65528135e-01,
-3.19469194e-02,
-2.19313140e+00,

-1.18855472e+00,
1.68713323e+00,
3.80344486e-01,

4.04940092e-01,
1.84813956e+00,
1.89154360e+00,

2.81459732e+00,
1.00021932e+00,
-4.06777793e-01,

1.17576617e+00,
-1.09930839e+00,
-7.91730922e-01,

1.30229007e+00,
-5.67843733e-01,
-1.46107358e+00,

-1.68561636e-01,
1.15339451e+00,
1.27975808e-01,

-6.44971930e-01,
1.31700071e-01,
7.23296280e-02,

-6.25945413e-01,
6.70003908e-01,
4.79182976e-01,

8.77274967e-01,
4.65743868e-01,
-4.60765567e-01,

2.07409384e+00,
1.10375622e+00,
-1.04361285e+00,

-2.97754900e-01,
-2.16393375e-01,
2.93280233e-01,

2.54901352e-01,
-1.38913515e+00,
-7.15031609e-01,

-2.61741943e-01,
8.59114594e-02,
6.43051889e-01,

-4.71310817e-01,
-6.23647148e-01,
3.55485768e-01,

4.82781124e-01,
-1.07189808e+00,
-2.15677980e+00,

-1.65742045e+00,
-1.29393123e+00,
-1.04947559e+00,

-8.57161162e-01,
-4.23399934e-01,
-8.98942701e-01,

-4.54970741e-01,
-6.70981278e-01,
-1.04669162e+00,

-3.09578144e-02,
3.41161829e-01,
1.27129116e+00,

-8.04061735e-01,
-1.81754677e+00,
4.22500560e-01,

-7.97115237e-01