5.0,
4.77522278,
5.60354317,
5.96406402,
5.97965372,
6.02771876,
5.5470751,
5.19867084,
5.01867859,
5.50452928,
5.89293842,
4.6220103,
5.06137835,
5.33377592,
5.09333293,
5.37389022,
4.9657092,
5.57339283,
5.48431854,
4.68588587,
5.25218625,
4.34800798,
4.34544412,
4.72362568,
4.12582912,
3.54622069,
3.43999885,
3.77116252,
3.81727011,
4.35256176,
4.13664247,
3.8745768,
4.01630403,
3.71276593,
3.55672457,
3.07062647,
3.45264414,
3.28123729,
3.39193866,
3.02947806,
3.88707349,
4.28776889,
3.47360734,
3.33260631,
3.09729579,
2.94652178,
3.50079273,
3.61020341,
4.23021143,
3.94289347,
3.58422345,
3.18253962,
3.26132564,
3.19777388,
3.43527681,
3.37204482